[gd_scene load_steps=8 format=3 uid="uid://lmusipgxspg1"]

[ext_resource type="PackedScene" uid="uid://b8bgscactoyq8" path="res://block.tscn" id="1_3hls8"]
[ext_resource type="PackedScene" uid="uid://bbi8sjqaqcjaq" path="res://steve.tscn" id="2_hbghi"]
[ext_resource type="Environment" uid="uid://b4vvsymm23i35" path="res://resources/level_1_environment.tres" id="4_ihfcg"]
[ext_resource type="PackedScene" uid="uid://djh5au4aynkxq" path="res://coin.tscn" id="5_rka8t"]

[sub_resource type="StandardMaterial3D" id="StandardMaterial3D_rka8t"]
albedo_color = Color(0.2646, 0.741533, 0.98, 1)
roughness = 0.0

[sub_resource type="BoxMesh" id="BoxMesh_ilcil"]
material = SubResource("StandardMaterial3D_rka8t")
size = Vector3(10, 0.5, 10)

[sub_resource type="BoxShape3D" id="BoxShape3D_3hls8"]
size = Vector3(10, 0.5, 10)

[node name="Level1" type="Node3D"]

[node name="Camera3D" type="Camera3D" parent="."]
transform = Transform3D(1, 0, 0, 0, 1, 0, 0, 0, 1, 0, 1.13747, 6.50163)

[node name="Camera3D2" type="Camera3D" parent="."]
transform = Transform3D(1, 0, 0, 0, -4.37114e-08, 1, 0, -1, -4.37114e-08, -2.48531, 7.3708, 0.0953734)

[node name="Floor" type="StaticBody3D" parent="."]
transform = Transform3D(1, 0, 0, 0, 1, 0, 0, 0, 1, 0, -0.25, 0)
metadata/_edit_group_ = true

[node name="MeshInstance3D" type="MeshInstance3D" parent="Floor"]
mesh = SubResource("BoxMesh_ilcil")

[node name="CollisionShape3D" type="CollisionShape3D" parent="Floor"]
shape = SubResource("BoxShape3D_3hls8")

[node name="DirectionalLight3D" type="DirectionalLight3D" parent="."]
transform = Transform3D(0.896192, -0.390766, 0.210098, 0.251703, 0.837777, 0.484536, -0.365356, -0.381355, 0.849166, 5.98329, 6.48828, 18.6979)
shadow_enabled = true

[node name="Blocks" type="Node3D" parent="."]

[node name="Block1" parent="Blocks" instance=ExtResource("1_3hls8")]
transform = Transform3D(0.863272, 0.504739, 0, -0.504739, 0.863272, 0, 0, 0, 1, 0, 5.62225, 0)

[node name="Block2" parent="Blocks" instance=ExtResource("1_3hls8")]
transform = Transform3D(0.863272, 0.504739, 0, 0.00164734, -0.0028175, 0.999995, 0.504736, -0.863268, -0.00326375, 1.62012, 6.43542, 0)

[node name="Block3" parent="Blocks" instance=ExtResource("1_3hls8")]
transform = Transform3D(-0.567755, -0.331955, -0.7533, -0.504739, 0.863272, 0, 0.650303, 0.380219, -0.657678, 0, 8.38721, 0)

[node name="Steve" parent="." instance=ExtResource("2_hbghi")]
transform = Transform3D(1, 0, 0, 0, 1, 0, 0, 0, 1, 3.16296, 0.875122, 0)

[node name="Coin1" parent="." instance=ExtResource("5_rka8t")]
transform = Transform3D(1, 0, 0, 0, 1, 0, 0, 0, 1, -2.55502, 0.711526, 0)

[node name="WorldEnvironment" type="WorldEnvironment" parent="."]
environment = ExtResource("4_ihfcg")
